<div id="811ca8c6-7073-43db-ac2e-af4be566660c" style="height: 100%; width: 100%;" class="plotly-graph-div"></div><script type="text/javascript">window.PLOTLYENV=window.PLOTLYENV || {};window.PLOTLYENV.BASE_URL="https://plot.ly";Plotly.newPlot("811ca8c6-7073-43db-ac2e-af4be566660c", [{"type": "heatmap", "z": [[-0.3213541364357324, -0.17436088226700908, 0.04577703657167617, -0.058156004314943666, 0.5586931690511754, -0.2626147357743326, 0.22785733834115937, -0.5666302277659618, 0.2779921252898338, -0.17169503151839074], [-0.06740792254279948, -0.300758601436979, -0.05619562391885512, 0.6399556758416424, 0.15428810917675476, 0.3987636978262489, -0.16275526828481643, 0.007450210573066496, 0.3429238716851651, 0.40662064427372907], [0.24340953754390438, -0.07513215848440317, -0.5999659867852047, 0.11415546049363534, -0.3750241775659078, -0.11560504852259477, 0.49533997123436674, -0.06734881174053205, 0.3732646205839132, -0.13742130041083386], [0.3902759591591205, -0.3184810914318859, -0.15926935421447283, -0.37114938281273546, 0.4310745379691474, 0.5592487848600195, 0.13966072375907518, 0.1404531539705158, -0.08640970633636715, -0.19455738054769284], [0.28669995510858426, 0.5375948968863258, 0.06020092545332181, 0.5080955730912123, 0.41019502991302575, -0.051458694673021436, 0.3398281079471418, 0.12248063114033357, -0.21898430418694015, -0.1329017174595046], [-0.6196952445152928, 0.11534083162360848, -0.5780182019409572, 0.01823822538731336, 0.06892074636969653, 0.21337961460445445, 0.08204369872446143, 0.029404836098543385, -0.45535148172497547, 0.05490817644728059], [0.12333666654763431, 0.21401808589836738, -0.20153485572218374, -0.35763579891362257, 0.2889213437791424, -0.25917216824276074, 0.07489412867873153, 0.1745597355663274, 0.16486861676586653, 0.7460274891645404], [0.06261342697998523, 0.516364821579297, 0.09158780397012072, -0.16903693214862753, -0.19996951564517615, 0.5263464269285456, 0.03654181324260779, -0.5795160980956755, 0.12613191224174305, 0.1495770030795111], [0.3244441827019955, -0.3680929192427446, 0.013272745293974727, 0.13104726469633213, -0.11084182743472001, -0.15222203992484673, 0.13336732354133823, -0.464428349057278, -0.5999004129875483, 0.3362670422669008], [0.3000145015372428, 0.1477394724095828, -0.4717103130194253, 0.06439953150479245, 0.1697923394762908, -0.1741726232265402, -0.7139883487009714, -0.23820553815891193, 0.0077433329038023024, -0.1891023193177572]]}], {"xaxis": {"title": "Eigenvectors", "ticks": "", "showgrid": false, "tickvals": [0, 1, 2, 3, 4, 5, 6, 7, 8, 9], "showticklabels": false, "mirror": true, "ticktext": ["Eigenvector 1", "Eigenvector 2", "Eigenvector 3", "Eigenvector 4", "Eigenvector 5", "Eigenvector 6", "Eigenvector 7", "Eigenvector 8", "Eigenvector 9", "Eigenvector 10"]}, "autosize": true, "title": "HBN Phenotypic VectorDifferenceNorm MDS Eigenvector Heatmap", "yaxis": {"ticks": "", "title": "Eigenvector Components", "tickvals": [0, 1, 2, 3, 4, 5, 6, 7, 8, 9], "showgrid": false, "ticktext": ["Component 1", "Component 2", "Component 3", "Component 4", "Component 5", "Component 6", "Component 7", "Component 8", "Component 9", "Component 10"], "showticklabels": false, "mirror": true, "scaleanchor": "x"}}, {"showLink": true, "linkText": "Export to plot.ly"})</script>