<div id="46ff4b9f-34a0-4e87-b50b-5578dbf2701b" style="height: 100%; width: 100%;" class="plotly-graph-div"></div><script type="text/javascript">window.PLOTLYENV=window.PLOTLYENV || {};window.PLOTLYENV.BASE_URL="https://plot.ly";Plotly.newPlot("46ff4b9f-34a0-4e87-b50b-5578dbf2701b", [{"type": "heatmap", "z": [[-0.28249756089225947, 0.5947064034360545, -0.20091229375071173, 0.17375863468062933, -0.31810501226091353, 0.14270085527044138, -0.08264666040154685, -0.07165907610965461, -0.4339073942367436, -0.4173321884753898], [-0.442434185669542, -0.126669300857498, -0.22078630084227233, 0.006674478334214969, -0.1823021850557415, -0.20733384659059856, 0.7720694023811577, 0.004869579597362449, -0.09485340284984414, 0.24100266953200816], [0.1748490744125713, 0.008738600760395726, -0.4031127065549653, -0.4179129877721963, -0.4431158264232909, -0.2145503250455666, -0.20127691646244708, 0.5833484192161059, 0.025912000694913905, 0.09131064457409215], [-0.30137118180664035, -0.04322328722109961, -0.5392037521965349, 0.10243884406815774, -0.07636978341868328, -0.06826168022488331, -0.3080385948780091, -0.427049620367822, 0.5635069387029867, 0.027955859810718832], [-0.2564446333114967, 0.2524867255746342, -0.07042876838601105, -0.6949315507369984, 0.5608766005100918, -0.07799985544386268, 0.07042229634775037, -0.01717227756971021, 0.04480202850357106, -0.23381314052326999], [-0.40753178533853657, 0.2631163416620723, 0.389628196169347, 0.30278369838770364, 0.04726389839424049, -0.29108739106261744, -0.08226949457559604, 0.49470174639338227, 0.42384591433978697, -0.055590856961002744], [0.05743586303545928, 0.15799196284307654, -0.28058398944553015, 0.13241516511512053, 0.19815186895855985, 0.7601874889530406, 0.22332021125732054, 0.35974703969249444, 0.25844193203519983, 0.11066728124705918], [0.24163493194472374, 0.03442538384816943, -0.46618902154451514, 0.43550508109476704, 0.5245899028367027, -0.41271368967145317, 0.0037605512852963794, 0.18171726818628575, -0.23042430891624952, -0.042104012872296794], [-0.06974216278381416, -0.5665872509036521, -0.06045920245447588, 0.05094822272360721, -0.05170577049743821, 0.07758690141353765, 0.11108976315870273, 0.17035224094638765, 0.0831216701487749, -0.7816013266284991], [-0.5519547421760068, -0.3849508152053773, -0.034086393788987604, 0.014710705645956276, 0.17158811709518418, 0.202248513072248, -0.43327085161013357, 0.1889201376925604, -0.4196025693028526, 0.2755954225771642]]}], {"title": "HBN Phenotypic VectorDifferenceNorm MDS Eigenvector Heatmap", "xaxis": {"title": "Eigenvectors", "ticktext": ["Eigenvector 1", "Eigenvector 2", "Eigenvector 3", "Eigenvector 4", "Eigenvector 5", "Eigenvector 6", "Eigenvector 7", "Eigenvector 8", "Eigenvector 9", "Eigenvector 10"], "ticks": "", "showgrid": false, "showticklabels": false, "mirror": true, "tickvals": [0, 1, 2, 3, 4, 5, 6, 7, 8, 9]}, "yaxis": {"title": "Eigenvector Components", "scaleanchor": "x", "showgrid": false, "ticktext": ["Component 1", "Component 2", "Component 3", "Component 4", "Component 5", "Component 6", "Component 7", "Component 8", "Component 9", "Component 10"], "ticks": "", "showticklabels": false, "mirror": true, "tickvals": [0, 1, 2, 3, 4, 5, 6, 7, 8, 9]}, "autosize": true}, {"showLink": true, "linkText": "Export to plot.ly"})</script>